12	48	3024	16251
13	690	82
13	113	2201
13	9148	1613
13	4	526
13	4048	82
13	264	638
13	17667	1579
13	2251	345
13	2	18583
13	1449	167
13	2827	92
13	1481	418
13	74	14400
13	2206	50
13	206	1948
13	2207	5024
13	5069	915
13	276	1760
13	2486	7168
13	4293	1288
13	1029	7403
13	1613	3666
13	826	15056
13	151	5765
13	183	3398
13	666	82
13	3860	2017
13	140	44
13	1613	1073
13	1765	134
13	2719	434
13	2552	2878
13	3307	2736
13	1725	270
13	434	6543
13	1334	963
13	56	3512
13	541	74
13	264	1073
13	48	3975
13	92	4569
13	14	264
13	2464	666
13	1605	7422
13	89	5234
13	3456	1638
13	23888	3306
13	3930	434
13	158	5777
13	718	3114
13	2464	15725
13	4	2530
13	19004	28164
13	541	3903
13	124	2236
13	89	7508
13	7213	1613
13	70	2908
13	1613	931
13	4571	92
13	6497	6777
13	5116	644
13	1305	12043
13	24029	11942
13	562	7611
13	48	74
13	345	2
13	3995	429
13	8964	131
13	1444	13247
16	264	15865	8341
18	826	2148
19	5504	2816	161
19	6049	6919	1252
19	50	1355	3784
19	17834	789	2174
21	4245	74
21	17373	2317
21	789	4298
21	264	248
21	57	1812
21	3024	1657
21	74	5256
21	426	14425
21	514	264
21	1746	15668
21	6455	2064
21	82	345
21	134	2
21	3730	5549
21	593	889
21	3060	1826
21	4201	9766
21	5267	124
21	70	829
21	14563	298
22	2466	14354	12683
22	3928	4010	70
22	872	8626	2072
22	248	4303	3142
22	488	3761	2594
22	1189	13281	11702
23	116	18090	652
23	4237	2564	616
23	7996	590	5797
23	3686	541	5916
25	679	5071
25	1251	1251
25	15530	594
25	5051	519
25	326	985
25	609	16251
25	747	1251
25	1251	2
25	14294	928
25	705	6260
25	1725	5504
25	679	6165
25	9619	183
25	1725	4
25	13823	12284
28	12702	1878	13281
28	1725	183	4
28	5977	1081	276
29	3027	8878	644
32	2	6165
33	3373	653	151
34	5351	1634
34	21615	1732
34	21040	13764
34	2051	4016
34	1218	12018
34	1223	298
34	5117	57
34	5010	1379
34	4338	7336
34	13874	19523
37	626	1624
39	2355	2
39	745	7135
39	11797	666
39	3834	5858
39	3686	12926
39	2719	4344
39	257	701
39	13248	20326
39	6452	7917
39	2142	619
39	454	14311
39	660	57
39	479	50
39	11890	4597
39	1572	1113
39	18914	2095
39	8097	789
39	11943	14736
39	3028	6642
39	851	4114
39	4	26283
39	3185	13272
39	1722	11740
39	8700	2000
39	3499	6244
39	50	74
39	1664	17713
39	7166	2064
39	4114	2587
39	6267	1425
39	9847	11696
39	4514	988
39	15941	21145
40	1604	10	1256	8865
40	92	8271	895	227
40	172	3432	13011	2978
40	5383	220	512	9847
40	1525	1606	2132	2
40	5383	2148	199	3451
40	3920	7723	14941	2
41	6637	22431
43	2816	7197
43	19491	8411
43	7075	2205
43	74	4636
43	21145	4065
43	666	2889
43	3415	2336
45	2102	9179
49	3154	1639	7408	2868
49	298	16925	4676	50
49	11494	24676	18965	10770
49	8088	56	4766	3654
49	666	50	10290	16699
49	2	19373	10521	6181
49	689	15	4896	1262
49	7889	843	89	4987
49	50	1379	427	467
49	2442	56	18689	5549
49	775	3005	244	368
49	7166	11011	2	3650
52	3513	14	5599
52	3626	6588	1262
52	27975	113	37
52	1481	74	8172
52	66	3070	3770
52	2	1697	7920
52	17233	2077	6841
52	2563	3929	286
52	1117	2312	17971
52	7540	3142	57
52	11941	74	6877
52	213	7175	1251
52	3060	5637	690
52	4791	1166	35
52	9742	50	512
52	15869	2427	13022
52	7512	3437	13495
52	15945	3376	618
52	1031	460	12999
52	3130	57	89
52	19743	13877	9770
52	170	15732	1591
52	2405	13985	11907
52	15	11417	345
52	120	295	1449
52	262	224	789
52	3464	2	609
52	541	8183	5754
52	3661	236	18072
52	2281	15409	6707
52	8231	2243	23151
52	21820	3025	90
52	4888	5	74
52	3658	4770	1624
52	6334	14809	6254
52	82	3832	7695
52	1244	7407	3144
52	2	52	825
52	11749	116	4012
52	15522	2570	1832
52	374	2003	3362
52	25336	5404	2070
53	74	35	1055	74	4629
54	8721	1304	20990
54	1046	82	590
54	37	12700	12363
54	541	74	298
54	3435	851	711
54	1093	542	3563
54	23849	638	3888
54	3001	1725	8355
54	5833	1171	220
57	4203	9418	891	8325
57	21770	3689	519	541
58	13281	1364	4151	11987
58	14354	2002	268	5084
58	3002	74	1621	7165
58	345	2930	532	74
58	9636	389	434	276
61	1137	3109
61	18553	220
61	1246	12155
61	12446	2436
64	4464	2251
64	314	92
64	2424	10890
64	8829	57
64	1606	92
64	7251	74
64	6086	1606
64	2355	3845
64	273	2515
64	3036	4222
64	5829	15109
64	19853	6873
64	3042	1141
64	985	1149
64	6477	1230
64	3132	220
64	1254	6183
64	14123	8377
64	6822	298
64	11213	7737
64	1067	7362
64	143	1771
64	541	7803
64	3952	11506
64	1625	4412
64	20851	756
64	12796	248
64	4012	16185
64	3762	220
64	3540	1579
64	2383	1572
66	44	19198	289
66	921	5823	3267
66	17127	5956	5130
66	15768	17098	6205
66	2731	8700	3856
66	230	1223	318
66	4	120	217
66	14748	9601	4873
66	536	6633	1011
66	3702	8731	3687
66	10994	1999	151
66	8431	5223	2539
66	3664	18672	18438
66	1379	3075	1858
66	2844	20454	25960
66	2684	2901	3341
66	11613	549	3166
66	37	2491	12206
66	705	7877	660
66	6683	82	2687
66	2317	8964	6547
66	1035	5754	963
66	82	5228	9242
66	2076	48	8611
66	183	5686	666
66	5596	586	4112
66	4112	3502	48
66	3654	6776	7821
66	5174	25499	82
66	1204	928	2095
66	3815	197	19686
66	4450	13461	2886
66	19907	1345	23342
66	7540	18614	10
66	1449	2064	6149
66	400	1102	5547
66	6271	2000	1251
66	20668	224	643
66	26955	2	92
66	183	74	10320
66	3148	2614	13504
66	4516	11440	4796
66	666	6188	1272
66	1281	673	4285
66	4949	298	4461
66	37	6253	10541
66	12378	1073	574
66	50	50	4012
66	81	850	2896
66	12694	1950	1251
66	426	19835	9782
66	7617	851	3199
66	298	7177	426
66	14168	9234	2535
66	27737	12702	6138
66	16614	113	22911
66	13229	9175	57
66	5624	24834	3638
66	5823	833	454
66	1251	14	1249
66	22634	120	3494
66	57	7883	12887
66	3337	541	1613
66	14621	2201	82
66	2770	14215	5180
66	6276	2629	2570
66	785	1251	2619
66	747	16753	404
66	74	666	48
66	6046	17192	13586
66	1630	316	310
66	5110	119	14678
66	2830	3194	4518
66	2596	37	5965
66	3826	2307	3152
66	1334	10118	20035
66	13963	248	1725
66	10016	317	3929
66	9787	1908	6918
66	151	14050	641
66	11586	2487	190
66	23972	3198	3930
66	9609	15824	1099
66	2827	4206	1590
66	2064	2392	5527
66	374	12549	789
66	1251	2453	1436
66	8793	2224	1251
66	1906	2508	916
66	1504	14775	4
66	1375	2415	923
66	2317	771	1081
66	25580	2038	3005
66	21442	512	220
66	3588	3868	4569
66	7330	845	8344
66	20117	594	2
66	20179	895	2310
66	2631	264	5345
66	17943	8050	3267
66	11326	5504	3558
66	2564	1812	15053
66	1858	844	8272
66	3358	5131	220
66	20489	16813	2
66	1011	2257	16257
66	14941	18336	3476
66	20815	1481	7206
66	24185	4972	70
66	5971	56	9627
66	6527	14430	171
66	2466	1525	9483
66	1452	11638	50
66	2251	19512	318
66	14411	2525	519
66	3084	298	667
66	14747	74	7114
66	1741	11822	345
66	434	66	50
66	5277	5537	209
66	541	8585	7708
66	13281	12794	1681
66	882	7435	1638
66	10754	3975	2376
66	4625	24056	884
66	62	2072	6184
66	9764	5010	82
66	618	3476	14503
66	9132	619	3075
66	48	14293	850
66	220	826	411
66	70	37	2064
66	4112	6495	2839
66	2224	1251	7437
66	74	16633	13450
66	67	3805	26
66	14584	4112	151
66	4112	7409	270
66	10207	220	2387
66	1030	4625	5624
66	12956	681	18477
66	11770	3580	4197
66	11581	11985	4218
66	2448	1251	3571
66	997	2316	296
66	2753	497	4597
66	82	6116	6613
66	996	6841	6739
66	985	1161	400
66	10385	3024	17933
67	243	10134	2352	6643	10378
67	9072	220	2251	9132	9813
67	2927	3367	4519	19850	264
67	2	1625	139	1342	6533
67	48	1115	1481	131	7188
70	4625	22580
70	1742	14
72	9358	967
72	10456	2
75	3132	4112
75	24884	5784
75	24156	3262
75	324	132
75	3744	21249
75	2	541
75	13282	864
77	404	5801
77	6546	6229
77	2319	3154
77	548	1290
77	2064	643
77	16892	4370
77	1227	2356
77	22042	7730
77	4406	479
77	8725	20690
77	11585	1080
77	1204	14834
77	4908	2574
77	69	11347
77	14719	7540
77	5453	1109
77	7746	3
77	1426	5
77	720	10641
77	3243	1158
77	11702	10829
80	454	4259	8934
80	9153	17339	2746
80	14123	368	1081
80	2901	10429	28270
80	2488	183	11458
80	57	25453	1380
80	958	671	352
80	2738	15513	14
80	1614	771	1639
80	264	57	57
80	2755	872	3904
80	5072	6458	3406
80	7631	15217	5317
80	15881	3686	11246
80	2477	13751	6712
80	7770	9891	11672
80	4554	548	10024
80	13198	833	519
80	3513	50	57
80	541	3585	7425
81	519	9996	4378	11007
81	1864	2356	8149	12900
81	4790	3873	4055	17145
81	57	264	789	3281
81	2279	11873	2356	1219
81	5052	2622	24543	824
81	8963	2	12073	5574
81	6116	1964	7723	10710
81	14804	4981	82	7547
81	1254	63	2431	4568
81	6390	302	4525	4170
81	48	690	7368	1990
81	11760	1512	3154	11968
81	4406	22860	701	18895
81	526	11322	4939	12221
81	120	5454	2217	4837
81	21165	3571	1635	220
81	2908	2207	2135	6161
81	5092	2795	701	9710
81	74	2950	25378	4701
81	6355	21474	1342	8174
81	4837	16582	37	2352
81	368	9815	8001	298
81	2064	2276	869	3338
81	10649	70	4575	2411
81	9813	2331	6421	8490
81	7244	712	7384	23565
81	1251	13293	14521	5667
81	19559	199	1670	298
81	11747	134	56	5051
81	1251	50	1315	6712
81	1481	10035	1149	12103
81	318	2610	4112	963
81	15747	1789	2825	1655
81	1638	14680	74	789
81	20065	11449	3855	4900
81	5452	2048	4110	6497
81	637	2508	5712	1589
81	6637	9538	3351	11852
81	7595	690	17922	666
81	434	82	6019	580
81	2552	2020	5144	25592
81	10913	1461	12247	3611
81	220	26102	1434	3104
81	10116	128	264	6164
81	7394	15613	10207	5507
81	786	1718	164	5454
81	7166	1141	3770	12587
81	57	5454	5384	4577
81	220	5045	2970	220
81	2552	3113	17552	74
81	8114	5119	264	560
81	863	7230	2135	7179
81	4796	23084	5295	2621
81	1384	872	1275	14897
81	7552	113	5977	434
81	1204	577	15980	892
81	2407	9437	789	1477
81	978	1467	16750	7988
81	14129	129	614	1052
81	18580	4324	1181	1251
81	5141	1251	1658	330
81	1790	1643	3376	56
81	3954	20815	5216	17218
81	2000	2017	2	6077
83	1251	3027	5192	17183	4682
83	2552	48	7339	2138	2407
83	3307	6695	9731	5347	6939
83	1461	50	37	11737	11452
84	9780	4582
84	5133	17266
84	25321	2552
85	17592	2448
85	5295	9291
85	1011	22209
85	22747	931
85	3128	541
85	1639	151
85	242	519
86	24405	1304	166
86	2205	9236	1442
86	978	2207	6500
86	16794	12912	12766
86	13273	264	17290
86	6307	1251	2
86	3681	22434	1377
86	7383	16402	345
86	4148	360	4
87	7591	5954
87	17820	92
87	15592	5023
89	1015	7946
89	10340	292
89	1731	17223
91	666	17129
91	240	659
91	4284	5894
91	1449	2847
91	14611	4491
91	7165	4309
95	368	541	747	467
95	1398	10084	3140	7420
95	6159	57	12999	15679
95	4783	57	3	19575
95	4405	5058	2203	21816
95	50	3777	6699	82
96	8374	1093	1251	28352
96	8006	2552	8084	4987
96	186	13828	1824	7316
96	13792	12642	340	303
96	20142	1639	5343	5591
96	1950	298	11050	6479
96	2782	26385	6138	18140
96	479	13761	16645	20099
96	593	11895	74	933
96	3686	3904	25640	10050
97	2927	7730
99	207	614
99	4765	2965
99	3685	2264
99	3194	23524
99	18390	5979
99	17373	4038
99	872	666
99	50	4714
99	25416	3459
99	2161	2507
99	1102	3626
99	12700	7676
99	15525	541
99	66	220
99	10473	1442
99	14137	5289
99	74	19055
99	3907	1937
99	82	1885
99	4826	27905
99	2476	25
99	1124	11938
99	50	2431
99	8118	132
99	20424	8907
99	5389	7279
99	353	13995
99	7504	18595
99	8138	2775
99	4205	2264
99	5525	264
99	892	2816
99	1778	7993
99	89	1948
99	7240	220
99	3773	18782
99	15723	1948
99	13260	1778
100	2000	575	7024
105	11812	28705
106	132	895
106	6291	1797
107	8062	1890	1500
108	2558	690
108	2525	1437
108	2594	92
108	2	2276
108	541	21889
108	2847	1507
108	22458	5526
108	15398	3185
108	1999	711
108	17222	22475
108	9284	50
108	3359	19634
108	869	7961
108	52	3814
108	1440	5319
108	6635	815
108	3540	28174
108	4771	18705
108	2386	18910
108	15945	6311
108	11207	846
108	3650	3678
108	89	14256
108	6405	3762
108	6387	221
108	220	3
108	836	1011
108	5343	5111
108	8964	1739
108	17819	13286
108	6660	8216
108	999	22712
108	2464	18370
111	4159	541
111	25950	9716
111	1604	1043
111	57	1733
111	8058	92
111	368	4429
111	253	264
111	434	13114
111	92	6244
111	5046	4034
111	3244	9495
111	541	14746
111	16130	19018
111	11737	8528
111	434	82
111	1492	12777
111	10569	37
111	10510	19260
111	4337	7648
111	248	3613
111	1304	1438
111	10124	12437
111	92	18401
111	26576	50
111	7353	4112
111	19209	851
111	74	3028
111	1149	7160
111	10822	992
111	19371	8651
111	16786	23233
111	15229	1124
111	549	928
111	57	16751
111	2336	17526
111	16301	660
111	82	14401
111	9325	2381
111	20895	2
111	16318	11890
111	1543	74
111	5023	840
111	10424	185
111	16916	11792
111	50	1812
111	12802	2
111	8379	9497
111	5913	16154
111	268	2594
111	434	15396
111	24422	2073
112	13050	2510
113	224	1189
113	57	434
113	2352	264
113	8181	8205
113	813	414
113	2116	5771
113	15001	8825
113	541	10487
113	3022	3756
113	15859	5994
113	11460	48
114	2161	6533
114	701	92
114	2826	13651
114	927	99
114	14267	8220
114	465	4430
114	11791	12702
114	1604	6634
114	273	1305
115	954	18608
115	3348	7179
115	3649	17358
115	15309	479
115	13106	6276
115	1136	170
115	2642	15047
115	5752	1422
115	4769	3627
115	541	48
115	261	345
115	52	37
115	2305	12956
115	14100	3819
115	13166	14181
115	70	5476
115	3200	9179
115	788	953
115	2	2064
115	1948	643
115	3877	4011
115	8397	19666
115	866	1035
115	6925	370
115	4205	2940
115	2070	23894
115	590	3278
115	12018	20249
115	2454	8008
115	3191	4606
115	881	2153
115	10236	28106
115	2792	4596
115	13014	298
115	2423	44
115	183	9565
115	3412	2
115	9648	18709
115	17582	835
115	15053	29044
115	12026	7676
115	1251	8238
115	11994	6334
115	4038	2305
115	829	1572
115	4778	2028
115	57	2174
115	11335	815
115	666	17939
115	5738	15
115	660	5933
115	13752	1425
115	11197	4510
115	3572	14088
115	4945	11586
115	15691	5119
115	23899	10145
115	398	14597
115	248	21729
115	6654	666
115	8049	529
115	8240	1790
115	6217	1327
115	4659	1288
115	19825	541
115	2145	3942
115	850	57
115	48	2319
115	177	2064
115	3649	2508
115	8790	16279
115	7897	15
116	2392	807
116	21099	12205
116	74	14821
116	7362	22153
116	20171	7407
116	2072	745
116	17285	2845
116	9325	7330
116	206	2489
116	9041	2
116	14584	2391
116	1251	819
116	3650	4376
116	2003	92
116	768	4337
116	2064	720
116	11749	22742
116	12318	11760
116	7846	4430
116	1915	2
116	2207	19945
116	543	515
116	13206	22766
116	2003	92
116	1300	2000
118	16261	11800	18315
119	3549	19512
119	1260	70
120	789	128	6737
120	5671	833	9069
120	2	13027	11012
120	5771	5383	11980
120	479	9795	6800
120	82	1160	4493
120	4175	2563	1699
120	3933	11455	220
120	14904	6504	24136
120	10443	4827	1845
120	7105	12909	318
120	264	11973	21414
120	3715	9260	1011
121	57	3429
121	1606	82
121	2434	1416
121	8238	4013
121	2196	3271
121	12530	9434
121	1113	8348
121	3022	4
121	8815	3512
121	6580	2847
121	151	1378
121	9856	7519
121	14430	12857
121	5280	15667
121	11018	5402
121	10187	151
124	82	5319	3834
124	12203	5062	2574
126	70	8297
126	2724	17853
126	22820	666
126	84	4676
126	11556	5504
126	874	19163
126	2845	2908
126	11001	2043
126	18878	81
126	13179	15975
126	37	82
126	66	1128
126	4112	26722
128	4790	18688	1159
128	10641	10551	2642
128	4112	11995	3028
128	562	92	726
129	82	2146	5023	21394
129	14714	11322	14286	3049
129	4010	2592	1839	7408
129	465	3925	4335	2736
129	151	3133	2432	11568
129	18034	7408	2064	6392
129	7196	16294	23076	24098
129	3358	56	895	620
129	246	18913	2603	897
129	2606	16426	7408	7961
129	74	16281	1827	14
130	2054	7272
130	4	20844
130	1502	5503
130	5335	7846
130	4015	785
130	8439	2011
130	15931	4112
130	197	3205
130	56	13001
130	16558	21282
130	3928	549
130	2	1349
130	74	3930
130	12437	134
130	12297	10986
130	1452	5631
130	5810	16580
130	655	9544
130	16558	8436
130	4112	15
130	681	4081
130	8839	9220
130	1421	7676
130	94	3679
130	1113	9179
130	9178	1801
130	8791	250
130	8271	614
130	3730	5254
130	446	4321
130	6391	11464
130	574	2612
130	19193	13693
131	1342	6267
131	8024	22155
132	19051	23278	1572
134	619	6343
134	2177	17537
136	92	9451
136	8041	14
139	3359	1189
139	345	12404
139	6615	17279
139	1613	10016
139	500	9048
139	50	25061
139	1590	13281
139	647	2560
139	20910	550
139	28458	4110
139	361	14030
139	14620	726
139	2224	4769
139	803	13898
139	7595	7531
140	19890	666	2352
140	5969	19482	1699
142	6037	825
144	1638	2398
144	5340	2826
144	1552	4163
144	2142	13039
144	220	1891
144	8073	8426
145	161	5486
145	4602	758
145	9596	4461
145	16320	4974
145	2575	14313
145	2064	19748
145	7199	25828
145	20306	1330
145	82	345
145	2	3792
145	711	5759
145	8492	871
145	1778	1964
145	19224	19018
145	8802	264
145	19471	9985
145	22898	3542
145	1149	14
145	11713	7748
149	27386	14265
149	66	2332
149	124	2251
149	151	2098
149	224	779
149	1251	923
149	357	17943
149	2594	20000
149	2486	64
149	3185	3125
149	13679	17319
149	134	19511
149	3152	27326
149	2557	2788
149	915	23361
149	11412	7362
149	15347	92
149	13194	3373
149	14378	11653
149	13265	74
149	12247	2796
149	1483	2203
149	1882	82
149	1778	1916
149	549	19427
149	6613	8202
149	8436	21781
149	1312	5295
149	246	3850
149	3750	183
149	17088	4233
149	19650	1773
149	2295	4528
149	1099	22776
150	3744	5	15950
150	1886	3218	3518
150	8989	1481	16938
150	833	5832	318
150	707	3935	1204
150	20896	515	5046
150	9677	11639	5604
150	17553	298	1288
150	2251	1244	2839
150	6909	9465	2740
150	9288	671	8319
150	368	586	8363
150	2917	14097	50
150	9907	1748	5893
150	16494	15278	22135
150	1003	593	1420
150	7817	26279	37
150	4668	3456	4863
150	768	4981	2525
150	8369	6349	1251
150	1825	4112	2315
150	264	21228	37
150	836	18808	922
150	931	1830	5672
150	16003	1604	2684
150	66	12946	220
150	495	7353	2507
150	11639	1114	8057
150	183	4445	5956
150	11011	56	15408
150	4	5306	928
150	12751	14546	11092
150	24602	5839	25946
151	345	11564
151	24380	2482
151	8626	1265
151	14019	314
151	4034	12999
151	17173	1251
151	1846	4032
151	18806	3571
151	15899	74
151	19484	12502
151	1251	19238
151	3088	8336
151	1305	11016
151	14066	16804
151	4747	535
151	2456	3810
151	593	11922
151	1566	3084
151	56	837
151	4597	1826
151	74	12844
151	4061	2202
151	1517	16402
151	3588	11
151	2216	9094
151	1639	833
151	1867	316
151	264	13281
151	74	3348
151	3075	10244
151	4668	12028
151	4112	4112
151	5391	18740
151	1373	21965
151	15109	35
151	15	4488
151	1686	2672
152	21228	21399
152	1212	1904
152	10523	10629
152	3288	22920
152	485	6546
152	8162	2011
152	19825	2886
152	2251	1624
152	1003	500
152	515	17751
152	2064	17225
152	56	3
152	681	11103
152	3924	6922
152	19308	3972
152	32	4897
152	8271	2004
152	23642	17606
152	298	3338
152	1244	467
152	1251	27602
152	2118	1444
152	2017	19983
152	3367	4863
152	758	11831
152	4493	5536
152	8547	2264
152	18163	6230
152	9923	19662
152	324	9349
152	1011	374
152	12932	3030
153	92	1879
153	12561	16449
153	4443	3053
153	21041	5268
153	1725	7145
153	5383	264
153	845	14013
153	13119	9677
153	4150	2251
153	1043	6011
153	4790	933
153	1982	14839
153	10914	1640
153	4531	6000
153	12028	1762
153	20511	4383
153	3827	1384
153	4010	11333
153	292	25220
153	220	15109
153	159	4112
153	18399	6402
153	22729	74
153	12876	493
153	3153	6005
153	2814	918
153	6221	9330
153	555	12875
153	19203	10635
153	37	3148
153	151	8873
153	3792	220
153	11227	641
153	11333	5620
153	9630	7892
153	8708	3245
153	1832	3902
153	7408	1762
153	618	3900
153	10150	9704
153	2517	1497
153	1108	2070
153	931	2740
153	2393	9223
153	2374	9389
153	575	35
153	9089	208
153	82	8023
153	5	527
153	8189	5872
153	6165	19604
153	11042	11421
153	19965	4424
153	264	7734
153	476	6510
153	6646	616
153	12949	13198
153	809	4317
153	10473	4195
153	2487	13415
153	5046	2050
153	7690	5556
153	813	4598
153	1605	2792
153	2970	1381
153	34	4725
153	4183	10246
153	5405	2190
153	7603	208
153	9411	5544
153	74	8181
153	248	70
153	4	9550
153	2251	8269
153	2519	8948
153	4282	9001
153	3953	67
153	3364	7888
153	26955	82
153	15376	120
153	2885	8292
153	2070	4406
153	1867	1960
153	44	4794
153	15098	13328
153	4956	9093
153	82	92
153	2	183
153	13550	16613
153	471	378
153	4516	441
153	74	14958
153	6494	17274
153	24776	11851
153	19957	5484
153	12110	15
153	9707	11890
153	3730	376
153	1192	6274
153	10250	361
153	8716	22289
153	5228	10721
153	4071	21943
153	13174	2570
153	70	9289
153	2889	8266
153	264	5472
153	1709	220
153	11871	15
153	7961	6018
153	1882	11480
153	10049	183
153	15414	220
153	593	2376
153	82	24462
153	8689	847
153	758	5472
153	9313	21956
153	874	38
153	3450	1323
153	8407	2078
153	21021	2122
153	1537	2606
153	3490	5504
153	27287	3678
153	19161	9849
153	220	2
153	50	20293
153	2150	4406
154	125	10747	10372
154	82	10495	618
156	18212	515	220
156	5848	1730	10722
156	4776	10556	3998
156	220	764	6188
156	1512	9233	1849
156	2097	11286	6898
156	13281	17909	29148
156	1621	10560	2392
157	4600	20673
160	2064	20221	13121
160	3702	20704	20768
160	2363	1109	13090
160	2064	5	1089
160	22712	9143	11437
160	8410	1302	82
160	490	1251	14679
160	24767	11538	1251
160	2939	2736	12208
160	2978	789	3568
160	5483	1533	3840
160	18109	9008	1888
162	12043	9384
164	4884	19800
164	7350	316
164	2402	257
164	9271	89
164	1561	5625
164	10493	10892
164	6505	2043
164	1536	6882
165	264	7868
165	26157	14736
165	1334	8879
165	3583	813
165	5604	4792
165	1099	11629
165	815	3272
165	2552	15003
165	14246	851
165	7371	2564
165	2079	11157
165	4010	74
165	497	50
165	190	5119
165	24617	2
165	789	789
165	20330	24638
165	4849	21389
165	4724	22364
165	11472	4876
165	721	2346
165	3293	2266
165	467	27293
165	5252	13816
165	183	16160
165	2750	18905
168	82	803
168	1650	482
168	16743	20308
168	151	7798
168	6734	6734
168	48	24801
168	264	1599
168	2603	92
168	89	22721
168	15105	4991
168	6544	48
168	324	9308
168	7534	638
168	4324	92
168	12322	248
168	4	74
168	5374	4183
168	17659	3983
168	2530	3670
168	24659	5617
168	6995	2
168	1373	887
168	4245	4112
168	16141	541
168	4	17969
168	536	3798
168	1345	3651
168	11629	289
168	9629	220
168	863	270
168	23267	4454
168	92	5116
168	1482	4330
168	4392	28240
168	4342	14972
168	10561	1722
168	2275	151
168	19523	10016
168	24630	369
168	1664	16372
168	368	3606
168	3166	1638
168	10187	660
168	48	5021
168	10127	5119
168	9751	209
168	15264	14436
168	11999	3654
168	2986	23341
168	57	11202
168	711	17341
168	2979	3797
168	19576	14361
168	6565	4488
168	92	23642
168	12131	4
168	161	5236
168	92	697
168	1099	22799
168	1591	2939
168	7163	16522
168	2	3654
168	541	8231
168	4769	6080
168	5915	12550
169	2814	6031
169	324	2200
169	2826	15643
169	11030	57
169	2487	6217
169	19191	2938
170	248	17095	17905
170	26	21623	4034
171	11897	205	4112
171	12879	8114	261
171	666	10762	4875
171	10621	4262	1624
171	7232	681	2778
171	17493	1221	5133
171	644	220	13420
171	135	4407	11833
171	4748	6305	23
171	11851	268	666
171	7382	1181	2330
171	4933	16261	4527
171	4498	4923	19004
171	11380	15549	1753
174	467	3938
174	18051	270
174	3763	10229
174	264	22364
174	1693	4881
174	50	25576
174	2908	220
174	13654	17341
174	638	183
174	82	1032
174	2834	4640
175	7777	1771
175	3995	2251
177	25	15760
177	8828	10641
177	48	220
177	162	25314
177	4205	12365
177	48	240
177	11785	227
177	1709	369
177	11846	4804
177	644	50
177	3451	6544
177	6590	2064
177	1494	298
177	4469	14
177	541	837
179	18305	14362
179	1937	4676
179	7527	48
179	2431	2120
179	17742	8393
179	3563	18699
179	13090	6763
179	5027	13
179	659	4248
179	264	264
179	14728	3888
179	11655	1190
179	2172	12688
179	5416	4575
179	174	10
179	609	1305
179	681	3293
179	18093	16948
179	20092	74
179	10442	541
179	1812	4598
179	3191	5872
179	231	2876
179	12908	1011
179	3044	14261
179	1470	74
179	9028	92
179	2534	8568
179	666	15980
179	2552	1812
179	38	1052
179	2875	14496
179	57	3490
179	21121	238
179	1378	19681
179	257	527
179	74	17801
179	4858	2314
179	24246	1107
179	789	1857
179	1572	3427
179	1251	17771
179	21774	3524
179	19828	11906
179	10131	3351
179	2200	544
179	3661	9236
179	13960	1499
179	3854	50
179	1643	8463
179	5030	8016
179	5565	7438
179	2108	14281
179	20330	1429
180	690	18351
180	11057	16613
180	17404	590
180	586	1312
180	9467	57
181	874	92
182	892	3	12832	4112
182	7861	92	10470	4422
182	15485	2466	5602	13997
182	16275	5111	3352	3997
182	12761	1421	70	13802
182	74	7032	25125	6686
182	495	7574	16920	276
182	5118	1181	322	14790
182	1860	5310	8202	66
182	9639	20121	2387	11793
182	19689	16169	1997	27476
182	5162	324	7564	66
182	27	789	17582	4831
182	1349	7461	9045	18286
182	8415	7124	63	6307
182	7197	16927	11910	17247
182	220	7217	7666	4086
182	7523	57	151	4725
182	13785	57	1351	19254
182	13752	13793	8281	2901
182	449	16044	3111	992
182	9349	3448	13919	5203
182	25704	8766	10803	4502
182	1924	6922	15	805
182	1655	20264	17412	15574
182	4791	2896	10641	5672
182	6892	3206	3401	889
182	21844	2719	7134	2359
182	50	2073	641	2955
182	8724	515	3604	89
182	1812	5651	8483	10603
182	4426	57	12654	2
182	10193	15637	5426	519
182	276	2671	6371	4207
182	6978	586	264	12334
182	24428	1679	74	1584
182	519	248	10449	5430
182	2561	4525	5286	1226
182	349	1112	1159	21296
182	1812	4413	18175	12463
182	6615	3515	3779	7571
182	10007	965	7897	10866
182	2539	6928	48	1444
182	1741	2538	3840	14887
182	26385	5736	11977	4285
182	13767	10775	143	4502
182	1251	248	1891	268
182	9333	9256	4574	26136
182	25318	2558	10023	3649
182	131	18130	50	9026
182	89	2	1681	756
182	14421	2942	2479	6334
182	1845	5289	12987	4302
182	635	2636	264	3626
182	1011	8771	48	6630
182	901	5058	1964	5805
182	1440	3375	21542	6211
182	3277	11840	2319	420
182	1606	4	2207	220
182	248	1304	5454	2172
182	2816	10237	3128	5119
182	4061	12387	829	15679
182	11456	4602	2255	14393
182	2	2721	4747	1948
182	26623	1244	5561	2464
182	12293	404	8341	609
182	3674	8042	2510	74
182	5076	815	467	4597
182	4502	1305	13092	8593
182	2	12247	1773	6904
182	7520	19208	17526	318
182	577	25253	527	5405
182	52	17939	7029	15565
182	14378	984	541	2525
182	15751	21004	8852	6116
182	1812	9795	5378	1305
182	11719	7597	151	10394
182	8150	16503	24197	14313
182	1377	1614	23670	6105
182	1011	693	1300	3664
182	2072	1251	13640	57
182	298	13483	28657	9054
182	220	4778	5504	19478
182	1950	345	10049	11440
182	376	10314	1251	3516
182	10943	70	57	57
183	1924	3884
183	21547	3142
183	1621	1709
183	11217	638
183	2431	5
183	17371	3400
183	57	7569
183	132	3730
183	2206	6138
183	1613	5977
183	4115	2140
183	21141	5
186	2347	5504	3758
186	19155	803	82
186	5116	3650	16732
186	7931	3028	980
186	2200	8873	2649
186	2660	242	79
186	1762	6655	1753
186	8214	4396	2272
186	1762	12381	50
186	12622	24345	5792
186	37	2025	772
186	1790	9177	22287
187	208	454	17790	1727	1590
187	3619	264	5671	14223	2539
187	10261	264	9260	18750	12377
187	12948	1693	5252	19356	609
188	50	92
188	7003	13966
189	3456	9820	197	15928
189	9046	7534	5613	349
189	992	8217	12901	1219
189	23289	3051	23713	2515
189	2506	3670	19058	2064
189	66	11365	8729	21513
189	5202	1528	8707	954
189	593	17290	541	3932
189	18553	1491	8846	6634
189	12826	3815	6588	5046
189	3291	2000	14401	2095
189	1739	4183	653	8610
189	11058	2	7111	15626
189	2192	2535	4465	10384
189	9627	5581	17948	705
189	5264	3540	1873	21554
189	17526	813	1579	9707
189	2487	11785	10301	1560
189	10115	2901	21536	2977
189	589	1244	1742	5084
189	18091	3464	26453	10954
189	690	3690	9818	56
189	151	81	1298	23146
189	8938	8510	8834	3540
189	13301	57	74	276
189	198	1720	2186	9631
189	5119	3448	21695	15564
189	6165	9033	1181	3743
189	124	458	15836	635
189	3791	23390	9929	3109
189	3419	9844	2376	2216
189	2876	12735	7534	10405
189	12610	10539	3490	262
189	4640	39	286	639
189	217	9910	48	826
189	23002	2876	2327	3452
189	74	626	6583	3138
189	541	52	1081	5453
189	17564	92	2985	574
189	1907	1633	14	1034
189	1725	220	14	2150
189	2076	6528	4030	6497
189	8731	3143	1075	460
189	671	4967	2215	20383
189	25207	19401	845	503
189	19251	666	1210	707
189	2	7694	4572	48
189	3935	5117	515	3150
189	2860	10670	586	3685
189	2247	434	3371	12926
189	2	2309	1189	3002
189	3354	13910	18472	1606
189	5503	25441	2	9233
189	1987	12860	1251	1275
189	8490	68	8240	276
189	50	63	2708	1011
190	9096	1924	50	2973
190	3657	374	11713	9158
190	4714	11196	265	3901
190	2021	1305	17998	113
190	2	2636	3	1888
190	4	511	4122	17917
190	7341	12358	21488	6960
190	985	82	5090	2870
190	993	1481	1378	3360
190	3088	4115	4528	5347
190	5418	8144	3	37
190	1945	24880	541	21663
190	92	1244	14087	3774
190	21899	2848	10361	12023
190	891	2057	7024	1739
190	2191	5224	74	7326
190	248	16275	3935	19819
190	8637	3025	206	19898
190	19909	16073	92	89
190	2606	3661	24344	9718
190	88	13499	2576	6457
190	2407	326	4110	2032
190	12583	4153	3152	2998
190	14404	197	50	22396
190	15691	24743	443	10498
190	745	2190	7441	18426
190	1951	2827	14026	11830
190	4450	19536	3831	20254
190	6364	5876	4598	1502
190	11425	13153	16239	681
190	4110	803	3041	2
190	4	19260	1346	7742
190	4010	7811	12345	3702
190	978	3375	2105	157
190	13936	56	82	1703
190	306	70	20610	1282
190	3715	660	594	8825
190	15137	1606	6345	3602
190	2881	5767	244	16083
190	1251	3007	3422	6749
190	2844	619	2996	34
190	1699	609	3373	264
190	13588	21890	6847	263
190	2	4471	1252	6345
190	2775	1838	681	11255
190	57	17713	92	7576
190	24643	10706	16938	15384
190	3258	4949	4567	15565
190	7577	14592	2530	362
190	11890	4876	1922	4863
190	18167	74	1606	57
190	18479	789	404	6498
190	2199	82	19356	6501
190	8411	764	28084	18586
190	24408	82	15445	9587
190	169	3041	9965	3463
190	6372	3837	4953	2419
190	23775	7427	10918	13116
190	6504	4010	1491	541
190	12422	9303	5531	22914
190	6168	1822	1467	1812
190	3684	17583	1905	15457
190	2648	287	7194	25748
190	12961	3519	82	1442
190	5120	6031	1613	1251
190	5190	3686	6589	4487
190	11474	7582	23775	6759
190	9538	2632	7540	2767
190	8203	11475	16632	7217
190	2136	8882	782	1488
190	9923	9856	1697	5833
190	14427	666	19485	12037
190	26312	2952	7006	2123
190	11986	7656	2201	171
190	12908	23709	50	8841
190	2	16095	708	6767
190	3860	264	13866	14914
190	609	4835	15289	734
190	2489	1342	92	8739
190	1035	3428	10034	948
190	8776	16232	248	3650
190	554	448	13052	23449
190	14093	18623	4712	1491
190	220	2	1616	8607
190	7248	27386	3661	13358
190	3409	13403	12079	7581
190	82	3900	3	5858
190	5246	9565	534	1790
190	26948	15821	1236	10100
190	4649	1606	1646	1201
190	6746	18653	913	2811
190	4889	57	169	15
190	4068	74	800	8833
190	3499	9767	986	1730
190	3995	6276	2204	805
190	1839	5468	1507	731
190	23282	19043	1624	10443
190	10264	23819	13004	519
190	3001	6838	1730	12463
190	8907	6483	515	20036
190	57	1473	89	3650
192	18785	4881	7175
192	19483	8537	15585
195	1449	2064
195	18820	11854
195	6401	17245
195	2515	6286
195	872	183
195	2898	306
195	2740	3375
195	18782	11451
196	9148	9358
196	541	4004
196	14	50
196	1126	8664
196	74	27518
196	13475	5503
196	555	1954
196	7048	1408
196	8394	7531
196	3418	11508
196	2632	19437
196	286	1259
196	541	118
196	246	14884
196	16344	14
196	224	7409
196	24399	256
196	21370	16143
196	268	2
196	22651	11647
196	21770	1614
196	22021	1238
196	4630	15720
196	20674	8689
196	9313	11685
196	2783	6165
196	636	6765
196	4407	2876
197	2086	7385
198	3030	884
198	3490	7889
198	1042	15334
198	7584	2
198	13114	1634
198	6257	2030
198	694	7736
198	11029	7634
198	7990	7761
198	15881	2532
198	498	2073
198	1251	12167
198	4405	2172
198	1149	7168
198	14313	1298
