200	7876	17659
200	74	1587
200	191	4854
200	3654	2780
200	3490	9982
200	1476	4114
207	82	2550	1067	2136	13481
207	8580	532	2012	13495	5405
207	7232	2120	12227	10026	20736
207	328	14568	7993	7243	10495
213	26250	3334
213	2135	4908
213	4012	4398
213	18725	2853
213	4337	19325
216	1709	12040
219	1212	66	1829	2047
219	1068	220	6376	16613
219	7956	2119	21430	264
219	18339	7859	21911	24082
219	1502	1015	8170	2834
219	2773	12608	690	3030
219	13281	7197	21486	17541
219	1708	113	10677	4464
219	22835	27517	4205	3022
219	8100	12893	21362	21010
219	519	4574	22114	16692
219	4674	3114	519	12465
219	220	6123	13415	25986
219	11840	1212	3719	2373
219	298	1450	18491	3792
219	3220	11729	10492	3154
219	10050	3904	3686	25640
219	3687	151	9743	2827
219	9241	82	1590	1126
224	82	7394	5071
230	5139	11515
240	26013	4016
240	14315	4153
240	82	12445
240	3219	16300
241	4525	851
246	82	1096
246	3666	8271
246	7476	74
246	9809	3456
246	3317	220
246	11472	12096
246	8411	19491
246	21223	3074
246	248	3070
246	74	1948
246	5961	2847
246	7996	1662
246	5204	220
246	3354	264
246	3142	21547
246	18049	7323
246	1305	298
246	1267	2314
246	366	4170
246	2550	2378
246	1073	11568
246	232	22907
249	3690	14572
249	16084	22082
249	1416	6385
249	22317	25690
249	7844	8282
249	22535	11876
249	756	4414
249	113	2890
249	6495	8219
249	17242	17751
249	642	1725
249	18798	690
249	23017	2148
249	264	679
250	3914	2031
250	2064	1223
252	4794	3922
252	17471	2201
252	5388	1320
252	3142	1105
252	12028	7444
252	7413	24538
252	194	14628
252	82	345
252	586	3685
252	12178	555
252	15542	2174
252	5524	5504
252	17340	13761
252	17265	8963
257	1222	10188
257	14723	6543
257	6533	16895
257	92	7676
257	6734	6734
257	4991	15105
257	9308	324
257	21198	778
257	27674	27279
257	3032	22983
257	1201	268
257	134	24785
257	99	22271
257	13987	1035
257	6775	3338
257	50	10197
257	15945	419
257	887	1373
257	15220	4012
257	2358	4626
257	248	318
257	10309	1149
257	17122	6947
257	17969	4
257	701	9681
257	14914	16391
257	7540	27398
257	12682	20575
257	819	4571
257	13926	20947
257	17526	20397
257	8359	10101
257	18689	19142
257	1789	1377
257	7417	293
257	15497	1020
257	4418	4569
257	20451	26951
257	10016	19523
257	14592	2431
257	2466	21753
257	113	747
257	5506	1085
257	5021	48
257	666	26721
257	7723	15177
257	15621	2000
257	2508	2870
257	11391	11296
257	2965	15487
257	22898	144
257	264	3971
257	515	13785
257	609	82
257	9831	82
257	50	1204
257	9062	3514
257	1481	206
257	13514	4692
257	220	13281
257	24058	199
257	1981	12926
257	6245	50
257	901	6546
257	3535	66
257	4900	10612
257	22799	1099
257	512	9992
257	82	10656
257	22378	4622
257	13763	14211
257	1621	1260
257	16184	5999
257	1790	2172
257	8930	8521
257	5116	8855
257	20105	8709
257	345	4
258	2881	666	1753	23245	28470
258	21533	15319	11516	4939	5676
258	2317	1507	1300	2600	18913
258	1099	1709	4318	17433	1189
258	82	12152	4556	57	341
258	3058	35	16301	21861	6580
258	9841	1825	4596	3353	6672
258	2865	9752	9197	4163	9889
258	4	4304	6540	92	5337
258	2558	298	15	3478	681
259	3456	9809
259	12096	11472
259	2204	2486
259	11361	20899
259	3644	318
259	3952	7326
259	376	55
259	3070	248
259	14869	2051
259	4727	2016
259	298	1305
259	8970	8273
259	3412	789
259	6594	22307
259	1947	5898
259	48	5334
259	11568	1073
259	4013	14
259	766	19260
259	21141	5
262	10892	57
262	1444	1427
262	3758	3025
262	7694	82
262	253	57
262	183	13627
262	48	4830
275	9631	6613
279	5696	6407	8936	809	681
279	5232	25975	19419	413	813
279	16697	37	9220	5081	17537
279	6859	220	1752	488	15207
279	10670	26239	14	887	2931
279	15140	27304	12009	17618	14845
279	2570	24303	74	14932	24641
279	5616	22209	18605	12142	895
279	23573	6649	197	2606	14270
279	48	5462	1093	11255	489
279	21393	16742	873	5504	667
279	2574	690	2885	12669	25467
282	445	66	9038	15233	2379
282	616	675	17	5823	3493
285	7344	17209	6919	19769
285	2316	1221	1301	3507
285	14800	25080	27793	1113
285	8097	14376	220	13366
285	17526	2589	666	22401
285	1364	13281	4151	11987
285	1732	529	21609	5118
285	2555	10266	3172	11145
285	18636	14037	16279	13515
285	1525	1693	1182	1795
285	1305	10387	19822	4027
285	242	50	24500	15132
285	261	2648	21649	2553
285	44	14103	21965	74
285	361	9538	4205	7921
285	9847	2395	18544	567
285	12625	4112	13028	50
285	3813	2754	2	18224
292	21846	1481
292	56	74
292	2817	2893
292	4374	3685
292	9448	2621
292	14918	12247
292	4	2606
292	5143	1185
292	13966	1675
292	25650	1093
292	5532	18710
292	9934	18115
292	3750	169
292	12761	6925
292	4028	15007
292	21995	7679
292	1345	13445
292	7758	690
292	10617	1137
292	1924	13313
292	12999	57
292	2740	9213
292	8139	10822
292	2	13874
292	9898	7021
292	13987	1035
292	3822	18926
292	1916	10660
292	10255	4488
292	9731	92
292	2	669
292	26741	5221
292	3709	1487
292	1274	6322
292	270	863
292	5116	92
292	8264	15567
292	16157	3959
292	24138	3138
292	12768	10877
292	8359	10101
292	1789	1377
292	4686	874
292	20151	813
292	2746	48
292	21656	11625
292	21827	2336
292	980	24665
292	14206	1397
292	3375	666
292	6992	22946
292	3384	10220
292	14356	3976
292	11391	11296
292	3654	1455
292	2965	15487
292	22898	144
292	1003	10090
292	3702	6935
292	3592	1334
292	17341	711
292	1450	16954
292	1481	206
292	18801	8005
292	2707	27502
292	50	7716
292	11828	28244
292	28856	26729
292	3101	21500
292	15926	7508
292	727	5317
292	825	3204
292	23329	20656
292	12018	220
292	620	4774
292	4142	3470
292	1882	120
292	4179	7584
292	3997	24746
292	3237	7062
292	6080	4769
292	345	4
292	18993	50
292	1438	12759
292	1378	18247
292	666	3914
293	23584	1080	7052
296	7089	4331
296	14401	833
296	248	15673
296	1833	460
298	9442	645	26652
299	19800	298	7133
299	10814	1613	245
299	14814	4725	3519
299	16820	35	66
299	15837	4812	1257
299	28159	5419	768
299	2	11940	12028
299	21748	23817	23701
299	1481	210	28338
299	2963	8503	17612
299	5077	11897	25246
299	161	5504	2816
299	12904	12755	4016
299	2285	24842	21161
299	231	26769	18246
299	9544	3027	345
299	6223	5351	12084
299	55	26773	541
299	1502	20065	5012
299	1378	4793	5334
299	17165	13124	6556
299	5100	2343	4693
299	1043	5546	2062
299	15329	1330	4163
299	2614	1560	5021
299	2174	17834	789
299	2436	18726	18586
299	720	5442	5333
299	2120	989	10264
299	5892	4498	22226
299	183	2363	10555
299	10667	25921	3209
299	6393	3931	1730
314	14646	6527
314	345	15219
314	6898	6457
322	9752	1251	1292
322	922	1481	541
322	3	23099	593
322	944	82	10119
325	2648	1398	3674	18902
325	590	93	6849	223
325	303	340	13792	12642
325	13548	10476	151	3935
325	996	24750	238	3148
325	4245	6275	10891	16657
325	3492	17370	11391	7747
325	18140	6138	2782	26385
325	8537	6752	2570	3758
325	2	17431	14	14399
325	7611	8058	1251	3620
325	3371	25534	26976	5255
325	13361	9305	21611	232
343	9641	8773	11423	17722
343	9996	248	15410	5133
343	5858	11906	9716	1670
346	2171	4112
346	15321	16049
346	4873	400
346	9402	3265
346	43	6239
346	590	17404
346	82	10310
357	28380	2281	946
357	1613	10814	245
357	35	16820	66
357	9411	16042	48
357	11444	4112	2048
357	9358	4993	74
357	1251	969	74
357	26007	595	14
357	52	1725	17303
357	12563	11648	2383
357	939	1867	15262
357	7290	9032	227
357	3806	18877	383
357	7576	9431	9765
357	757	18369	19343
357	9451	524	6084
357	10560	967	5256
357	24243	9817	11720
357	833	5691	3024
357	593	2464	10905
357	48	220	17665
357	20102	17408	21547
357	19356	3148	21435
357	20065	1502	5012
357	4370	6544	25602
357	2437	548	588
357	6037	2632	11523
357	2343	5100	4693
357	264	1534	1624
357	7226	92	707
357	89	17023	1197
357	2784	82	11032
357	18627	5690	3005
357	89	1864	18895
357	3049	10605	5205
360	1662	7996
360	2322	2131
360	5754	11398
360	220	8079
360	11572	120
360	4122	14812
360	575	12154
360	1613	5977
360	2985	11454
360	2077	4081
371	19834	27669	14425
371	14884	21492	454
371	5170	16503	20711
371	48	884	74
371	28932	7195	1432
371	11165	21956	6259
371	16788	10448	14197
371	5557	26474	5459
371	82	16397	786
371	1251	1553	20896
371	5543	13391	56
371	17455	2572	2570
371	2431	4197	23522
371	4013	6589	66
371	19898	9148	3660
371	12160	2816	25010
