201	251	151
201	2216	667
201	3128	541
201	3423	10628
201	22747	931
202	4	56	18457	18009
202	15	17874	440	7899
202	50	16915	5651	5595
202	74	2576	13745	50
202	74	8493	14652	14035
202	161	5504	24691	1282
202	220	19308	3258	17892
202	249	3217	4790	14594
202	262	498	1308	13899
202	264	3258	6849	1257
202	541	26279	302	27681
202	626	1512	5503	807
202	666	374	16281	15432
202	985	8407	213	15751
202	1251	1181	714	1882
202	1481	1808	2151	28814
202	1590	8456	11472	298
202	1607	12316	969	1812
202	1613	2482	6267	5452
202	1725	18332	5039	2827
202	2095	14918	874	609
202	2195	13976	2257	9707
202	2309	13566	13217	35
202	2352	6775	369	10853
202	2491	175	13053	4197
202	2666	2084	264	933
202	2684	2770	5030	15109
202	2818	1114	183	4509
202	3154	1639	7408	2868
202	3667	2466	48	5771
202	3796	3827	3042	16376
202	4112	22620	1613	3360
202	4245	1246	4231	5503
202	4329	5228	9808	4905
202	4349	8829	2	10522
202	4896	1845	14475	2064
202	4943	8797	3606	7207
202	5205	14995	2047	247
202	5277	14123	25686	298
202	5462	12381	5167	12108
202	5518	5227	57	264
202	5611	1251	640	3602
202	6116	3154	2079	1092
202	6606	3172	12776	25945
202	7438	15409	2	7718
202	8097	6971	10137	752
202	8258	400	2323	4
202	8290	13604	35	4081
202	9181	4462	113	8371
202	9246	599	1198	5111
202	9462	11907	27975	11247
202	9861	24671	2834	2303
202	10130	11231	17976	15926
202	10243	9416	4068	690
202	10664	1259	18689	10162
202	11640	2	3285	298
202	12836	13227	82	1491
202	13240	7927	14310	4304
202	14132	3307	1073	890
202	14821	1251	2132	183
202	15456	151	8084	7368
202	15466	3865	18969	16327
202	16725	237	23493	24676
202	17159	1114	2978	14662
202	18290	26008	16330	4216
202	19052	585	4624	10551
202	19194	2398	1990	3142
202	19328	4791	2827	2392
202	19425	389	9935	35
202	19924	4516	21013	17333
202	20029	3363	14097	249
202	20704	5524	20810	5389
202	21206	13307	10426	82
202	22434	9141	15084	2150
202	24581	9844	5268	718
202	25944	7767	15	1368
202	26581	4528	2376	26366
202	28176	26084	6139	1251
202	28900	3028	4472	345
217	57	9026	16036
217	66	1528	5297
217	74	16789	22594
217	490	1251	14679
217	519	6790	19123
217	593	2215	243
217	829	690	1300
217	942	2	2552
217	1093	3024	2384
217	1588	3762	273
217	2507	7160	7702
217	2586	92	2151
217	3200	220	151
217	3371	10281	5146
217	3685	323	8864
217	5742	5504	1560
217	8455	17712	4291
217	8593	1354	16206
217	8805	2319	13615
217	11291	11207	2235
217	16874	89	1013
217	17503	3370	4
217	22796	15080	2207
217	23175	12571	8509
220	1440	3970
220	4568	19442
220	13694	25254
220	14521	5950
220	24105	8841
229	264	17033
229	526	1948
229	737	4112
229	1251	3792
229	1285	2207
229	3022	5431
229	3088	584
229	3142	1105
229	3347	21300
229	11713	7748
229	13723	789
229	14179	19307
229	17207	25705
229	17214	228
229	17340	13761
229	17852	345
229	18344	3185
232	398	2251
232	2402	257
232	6589	10790
232	8867	5707
255	13024	4013	25016
255	15024	15843	4783
268	70	10222
268	82	19981
268	9451	5856
268	28400	1765
272	74	7316	5098
272	434	4105	358
272	541	28438	37
272	690	3916	13874
272	1212	2373	3719
272	1494	1146	1011
272	1533	18865	10607
272	1670	23184	27976
272	2119	264	21430
272	4112	1251	5977
272	5255	25534	26976
272	7021	519	1481
272	12608	3030	690
272	12637	1097	519
272	12947	14	9731
274	4110	1476
274	4669	18072
274	11324	11582
274	12006	923
274	15667	3938
274	24105	8841
276	4640	12355	8059
276	7753	3893	16626
276	10546	82	15093
284	63	5806
284	74	3930
284	74	14482
284	318	3024
284	371	7630
284	1030	12635
284	1149	6118
284	1158	852
284	1372	1886
284	1486	324
284	1889	10261
284	2025	50
284	2109	17699
284	3152	4693
284	3980	11786
284	4147	14286
284	4205	10082
284	5226	12785
284	6147	4875
284	7285	1093
284	7403	9155
284	7846	15536
284	7993	574
284	8058	12268
284	8098	527
284	8161	220
284	8964	6625
284	10097	586
284	10106	14485
284	10218	6323
284	10983	36
284	12450	316
284	16581	16622
284	17197	20820
284	18022	16689
284	18056	18810
284	18801	17993
284	19252	18026
284	27168	20897
284	28122	6367
287	5340	2826
290	208	454	17790	1727	1590
290	2216	8125	15334	2	8240
290	2548	12777	1251	593	17973
290	3184	1298	11042	5791	15056
290	6721	7484	21905	1251	20423
290	12948	1693	5252	19356	609
290	17433	1189	1709	4318	1099
290	22660	20709	17622	25761	13328
297	50	2251
297	264	2234
297	576	2896
297	758	106
297	927	99
297	2095	1251
297	2826	13651
297	3245	4700
297	3588	1481
297	8292	18549
297	8873	7199
297	11155	220
297	11440	28851
304	56	756
304	402	515
304	543	10602
304	671	11793
304	782	690
304	1204	874
304	3281	28767
304	4112	5328
304	5888	21586
304	11911	16275
304	12117	13477
304	15880	5851
304	21353	1765
304	21966	15053
304	23184	2064
317	3	4502
317	4	17969
317	14	16074
317	15	17692
317	48	24801
317	48	27269
317	50	20293
317	57	10436
317	57	12999
317	70	9289
317	76	12675
317	80	652
317	82	22399
317	82	28734
317	89	2981
317	89	22721
317	92	20499
317	96	1181
317	106	7033
317	124	13121
317	128	731
317	151	24561
317	183	22086
317	220	1264
317	220	3375
317	248	2257
317	248	14442
317	249	2564
317	264	10289
317	264	12989
317	264	17827
317	264	23370
317	324	5224
317	340	1737
317	343	23276
317	392	6895
317	405	3687
317	434	14313
317	464	4318
317	536	3798
317	541	1755
317	541	18102
317	549	1849
317	586	7113
317	600	27558
317	608	978
317	671	666
317	702	3460
317	711	17341
317	745	2257
317	791	1747
317	921	11475
317	987	8694
317	1011	4370
317	1159	1711
317	1204	220
317	1249	349
317	1251	1953
317	1264	5767
317	1303	2865
317	1312	1023
317	1334	2510
317	1334	3592
317	1420	10403
317	1421	4430
317	1425	15359
317	1481	23107
317	1505	4461
317	1525	8242
317	1533	10300
317	1626	345
317	1635	1166
317	1755	48
317	1877	579
317	1959	13885
317	2064	10280
317	2077	4138
317	2201	1378
317	2300	16481
317	2317	5126
317	2399	17204
317	2411	17855
317	2440	15580
317	2487	13415
317	2517	1497
317	2534	55
317	2632	8798
317	2783	9655
317	2805	5250
317	2870	2508
317	2883	26161
317	2901	5286
317	2961	7541
317	2978	9728
317	3005	260
317	3088	6277
317	3244	2755
317	3555	214
317	3573	1159
317	3588	851
317	3650	5096
317	3661	3952
317	3744	789
317	3831	3185
317	3958	2572
317	4065	608
317	4154	5190
317	4249	3801
317	4259	4348
317	4315	1251
317	4342	14972
317	4443	3053
317	4475	12528
317	4783	10218
317	4848	7049
317	4928	1481
317	4971	4875
317	4984	5571
317	4996	9655
317	5046	9567
317	5252	843
317	5309	298
317	5536	7330
317	5574	5707
317	5648	9973
317	5752	23181
317	5823	264
317	5915	12550
317	5977	158
317	6193	6214
317	6418	28105
317	6460	17349
317	6734	6734
317	6925	12761
317	7021	9898
317	7323	802
317	7468	2340
317	7625	7075
317	7688	36
317	7812	1725
317	7890	18939
317	7952	4935
317	8128	2060
317	8703	10735
317	9141	22667
317	9692	23309
317	9735	951
317	9774	174
317	10187	660
317	10473	4195
317	10503	9641
317	10612	4900
317	10751	796
317	10857	169
317	10914	5314
317	11104	1138
317	11418	4110
317	11554	7213
317	11587	2745
317	11645	16628
317	11910	23071
317	11988	6998
317	12028	19593
317	12110	15
317	12131	4
317	12184	15029
317	12238	4799
317	12334	10710
317	12351	24580
317	12353	634
317	12468	5
317	12493	4112
317	12526	2266
317	12546	20520
317	12603	679
317	12679	21066
317	12916	12269
317	12926	345
317	12943	27777
317	13022	8309
317	13071	24061
317	13087	1362
317	13454	23709
317	13729	590
317	13746	3743
317	13822	594
317	14294	8711
317	14910	915
317	14920	14750
317	14924	306
317	15605	8561
317	16092	2107
317	16422	3975
317	16679	1945
317	16709	26039
317	16915	2839
317	16954	1450
317	17187	27713
317	17261	2
317	17464	20651
317	17610	3147
317	17824	10117
317	18115	9934
317	19111	614
317	19193	18937
317	19255	3935
317	19512	251
317	19576	14361
317	19588	3719
317	19783	541
317	19815	6044
317	20056	3661
317	20511	23726
317	20817	6140
317	20854	5971
317	21220	9618
317	21734	1833
317	21960	5138
317	22643	4825
317	22946	6992
317	23116	2058
317	23148	24293
317	23255	341
317	23267	4454
317	23283	13749
317	24337	23701
317	24597	11580
317	24630	369
317	25083	23605
317	25158	404
317	25884	4
317	25967	10178
317	25974	16704
317	25998	18210
317	26446	82
317	26553	14323
317	26955	82
317	26969	13296
317	27090	6002
317	27279	27674
317	27398	7540
324	4035	5702
324	4636	4908
324	11795	3715
330	74	5153	25584	11739
330	113	4772	675	24149
330	124	1205	19948	13249
330	151	2848	13029	666
330	243	9131	2	14845
330	257	6729	15137	14
330	287	6479	3437	690
330	690	12608	3030	2773
330	1197	220	5707	1334
330	1874	4783	3442	2648
330	2049	14414	2358	1645
330	2072	6861	23390	681
330	2782	26385	6138	18140
330	3719	1212	2373	11840
330	5473	26156	2215	276
330	5955	19169	2064	1052
330	6376	220	16613	1068
330	9242	11799	922	22061
330	10825	37	14	22042
330	13874	690	3916	523
330	25932	2937	2064	3
330	26396	9495	23755	14194
348	1948	74
348	2576	7787
348	9626	4111
348	11361	20899
348	14075	19318
348	14445	16825
356	56	19268	1253
356	264	21687	2148
356	980	5116	5602
356	1003	726	2
356	1251	16241	70
356	1502	22015	113
356	1644	1753	17734
356	1906	4175	2295
356	2633	298	11552
356	2763	601	3697
356	3307	1606	26755
356	4148	360	4
356	4901	14663	3923
356	5524	57	2877
356	6794	2010	2
356	7010	17773	24902
356	7564	2148	1330
356	9813	9285	21150
356	11070	22890	2622
356	12741	2064	20899
356	13273	264	17290
356	14529	1236	240
356	16737	3480	1882
356	24113	166	2827
356	26520	5141	404
356	26568	8879	17457
356	26588	13039	183
356	28649	15470	5388
363	2	3478	8803
363	14	4878	1990
363	92	92	2766
363	220	2276	11476
363	655	25715	342
363	690	11738	1905
363	1104	3354	1576
363	1251	3554	1438
363	1261	526	7540
363	1438	25002	4112
363	1502	22649	1212
363	1526	26635	2073
363	1614	771	1639
363	1630	2112	863
363	1638	1113	12113
363	1741	92	1761
363	2205	21559	21204
363	2645	11635	15612
363	3030	6186	1011
363	3064	1346	17398
363	3513	50	57
363	3650	12549	21165
363	4346	19928	14
363	5119	2115	12640
363	5159	10386	666
363	6133	82	4812
363	6660	20254	22060
363	6737	2968	15626
363	7299	192	6340
363	8631	99	18614
363	9153	17339	2746
363	9738	70	11562
363	9946	1008	5
363	11042	1864	4588
363	11866	9669	6589
363	11951	7542	151
363	12653	15942	4892
363	14206	6259	17159
363	14436	4916	10539
363	17564	4	2061
363	18266	248	3764
363	22628	220	13084
363	23052	3069	1849
363	28172	1308	25320
367	4	6027
367	74	1650
367	94	3679
367	199	10737
367	224	1254
367	264	20148
367	404	220
367	519	6867
367	541	3757
367	726	19128
367	890	15376
367	895	14904
367	1060	7886
367	1334	8754
367	1429	4112
367	1449	340
367	1587	2582
367	1613	7643
367	2476	1755
367	2530	554
367	3047	92
367	3070	2888
367	3152	4693
367	3191	8908
367	3343	2355
367	3375	11597
367	3446	82
367	3447	3570
367	3880	3704
367	4015	785
367	4205	10082
367	4426	874
367	4649	12319
367	4668	5672
367	4812	7844
367	4901	13148
367	5226	12785
367	5345	7746
367	5568	28559
367	6075	21352
367	6201	10219
367	6782	14719
367	7377	2489
367	7482	4408
367	8098	527
367	8384	16864
367	8443	2314
367	8840	10858
367	9438	2348
367	9601	14
367	10188	28074
367	10503	16974
367	10883	1346
367	14354	341
367	16547	2070
367	16581	16622
367	17839	6286
367	19193	13693
367	19203	5523
367	23195	4306
367	23724	861
367	27410	5858
367	27592	27522
372	241	18752
